1000
10001
10006
1001
10011
10015
10016
10020
10022
10024
10025
10029
10033
10034
1004
1005
10051
10052
1006
10065
10069
1007
10072
10074
1008
1009
10090
10091
1010
10105
10141
10145
1015
10154
10158
1016
1017
10178
1018
10180
10184
1019
10190
10193
102
10200
1021
1022
10222
10237
10240
10278
10291
10295
103
10331
10361
10374
10375
10379
10383
10384
10385
1039
10390
10393
10395
10406
10418
10420
10425
10426
1043
10438
1044
10440
10441
10442
10448
1045
10455
1046
10463
1047
10470
10488
10489
10508
10511
10513
10522
10550
10558
10560
10562
10567
10577
10585
10590
10592
10597
106
10615
10617
10619
10627
10634
10639
1064
10644
10645
10652
10654
10658
10660
10672
10690
10691
10694
107
10702
10705
10706
10707
10718
10720
10721
10724
10727
10729
10733
10735
10739
10745
10746
10747
10753
10755
10759
10768
10769
10776
1078
10781
10782
10783
10786
10788
10814
10817
10821
10823
10833
10838
1086
10864
10867
10868
1087
10876
1088
10886
1089
10902
1092
1093
10934
1094
10948
1095
10966
10969
1097
10978
10979
1098
10980
10984
10986
1099
110
1101
11013
11015
11017
11019
1102
11027
11028
1103
11035
11036
11039
1104
11042
11045
1105
11059
1106
11064
11066
1107
11071
11079
1108
11084
11090
11094
111
1110
11104
11108
11111
11120
11128
11129
11132
11136
11142
11143
11154
11156
11161
11164
11174
1118
11182
11183
11189
11191
11192
11196
11197
112
1120
11201
1121
1122
11222
11268
11272
11282
11283
11289
11294
11297
113
11300
11302
11303
11310
11331
11337
11349
11354
11355
11356
11357
11366
11369
11374
11375
11377
11389
11392
11398
114
11401
11403
11410
11414
11417
11419
11421
11422
11425
11429
11441
11442
11461
11462
11475
1148
11495
11507
1151
11515
11518
11539
1154
11542
11546
11556
11558
1157
11572
11573
11579
11582
11584
11585
11588
11595
11596
11601
11611
11614
1162
11630
11632
11638
1164
11642
1165
11657
11659
11674
11675
11678
11683
11693
117
11700
11705
1171
11716
1172
11722
11725
11730
11732
11738
1174
11744
11747
11757
11761
11766
11769
11770
11779
11781
11787
11796
118
11800
11804
11806
11810
11835
11836
11839
1184
11846
11851
11857
11859
11864
1187
11876
11885
11894
11896
1190
1192
11924
11926
11929
1194
11944
11952
11954
11969
1197
1198
11983
11984
11988
11997
120
12000
12001
12007
12008
1201
12013
12014
12016
12018
12028
12029
12031
12032
12033
12037
12041
12048
12051
12056
12064
12071
12089
121
12107
12109
12123
12124
12129
12134
12136
12149
12154
12157
12158
12164
12169
12171
12182
1219
12191
12200
12205
12208
12210
1222
12222
12224
12226
12236
12244
12247
12248
12250
12251
12255
12262
12263
12273
12274
12275
12282
12286
12287
12289
12294
12297
12300
12317
12323
12328
12336
1236
12385
12389
12390
124
12418
12421
12427
12431
12438
1244
12441
12459
12462
12464
12465
12469
12477
12481
12493
125
1250
12500
12501
12512
12513
12518
12544
12545
1255
12569
1257
12576
12577
1258
12585
12590
126
12605
12606
12620
12623
12629
12630
12632
12640
12644
12653
12663
12664
1268
12695
127
12706
12708
12712
12713
12719
12721
12731
12734
12738
12739
12743
12744
12747
12748
12764
12774
12788
12794
128
1280
12820
12831
12833
12834
12846
12853
12854
12856
12863
12869
1287
12879
12883
129
12900
12906
12914
12923
12928
12930
12931
12933
12952
12953
12958
12974
12990
13
130
13007
13009
13011
13013
13018
13020
13025
13034
13054
13055
13056
13059
13060
13062
13063
13064
13065
13066
13071
13073
13085
13087
13091
131
13101
13115
13116
13120
13127
13130
13131
13135
13140
1315
13153
13158
13163
13171
13172
13174
13175
13178
13180
13191
13194
13195
132
13200
13204
13207
13208
13212
13218
13220
13228
13229
1323
13232
13234
13236
13240
13242
13243
13255
13258
13270
13274
13281
13298
133
13301
13312
13316
13321
13322
1334
13353
13358
13359
13360
13364
13370
13382
13383
13385
13386
13390
13395
13404
13408
13409
13412
13415
13416
13418
13419
13421
13423
13430
13433
13437
13438
13443
13445
13450
13467
13470
1348
13480
135
13501
13504
13507
13509
1351
13511
13537
13538
13540
13546
13547
13548
13549
13553
13556
13557
13558
13580
13583
13587
13593
13594
13596
13598
13599
136
1360
13603
13604
13606
13607
1361
13617
13618
13624
13625
13631
13632
13638
13644
13646
13647
13680
13685
13691
13698
137
13708
13711
13713
13720
13726
13733
13752
13762
13767
13768
13777
13787
138
13802
13810
13813
13825
13847
13849
13858
13868
13877
13887
13888
13890
13898
139
13923
13933
13934
13938
13941
13942
13970
140
14040
14044
14045
14048
14055
14060
14065
14068
14087
14092
14095
14098
141
14113
14122
14128
14129
14139
14146
14163
14172
14174
14181
14195
14200
14201
14209
14214
14216
14240
14242
14251
14267
14268
14274
14286
14292
143
14311
14320
14322
14325
14332
14333
14338
14340
14345
14355
14359
14360
14365
14366
14367
14368
14371
14394
14398
14416
14424
14425
14426
14436
14438
14456
14460
14465
14495
14502
14511
14520
14533
14550
14556
14566
14573
14575
14578
14580
14583
14593
14594
146
14604
14610
14611
14623
14625
14629
14635
14647
14652
14654
14665
14669
14679
14683
14687
14692
14696
14697
14699
147
14706
14709
14711
14722
14725
14730
14742
14743
14747
14748
14756
14762
14764
14767
14771
14793
14798
14807
14812
14824
14830
14842
14885
14887
14889
14890
14900
14904
14922
14935
14943
14945
14947
14965
14974
14978
14982
14985
14987
14989
14995
14996
14997
15
15003
15004
15005
15006
15025
15029
15032
15044
15046
15052
15061
15064
15066
15070
15073
15076
15090
15092
15094
15096
15105
15118
15120
15125
15126
15132
15145
15147
15157
15175
15180
15181
15182
15199
152
15206
15223
15224
15232
15245
15255
15256
15259
15268
15271
15287
15293
15294
15298
15302
15303
15309
15315
15327
15336
15340
15349
15382
15383
15385
15394
154
15401
15402
15405
15415
15431
15435
15437
15450
15455
15460
15462
15465
15467
15468
15470
15472
15475
15477
15478
15481
15485
15492
15502
15522
15526
15528
15532
15534
15543
15545
15570
15572
15573
15576
15585
15587
15590
15599
156
15604
15620
15623
15626
15631
15640
15643
15656
15657
15662
15667
15681
15687
15691
15696
15705
15721
15730
15740
15743
15752
15758
15772
15782
15793
15795
15796
15797
15802
15805
15818
15832
15842
15869
15875
15878
15883
15890
15892
15913
15916
15918
15922
15924
15953
15961
15966
15972
15975
15976
15984
15993
16
160
16002
16008
16015
16020
16027
16056
16060
16064
16066
16071
16072
16073
16077
16081
16082
16084
16092
16093
16098
161
16109
16112
16133
16145
16153
16165
16166
16169
16170
16175
16192
16193
16194
16196
162
16200
16212
16217
16219
16226
16227
16228
16230
16238
16241
16247
16250
16259
16267
16278
16287
16288
16290
16294
16297
163
16300
16303
16305
16347
16355
16364
16365
16366
16375
16384
16385
16387
164
16403
16412
16413
16424
16432
16457
16468
16497
16504
16507
16521
16526
16529
16534
16535
16537
16538
16540
16543
16546
16548
16553
16555
16562
16580
16584
16594
16595
16602
16604
16623
16629
16630
16644
16647
16650
16653
16654
16658
16680
16695
16696
16712
16729
16741
16746
16748
16750
16755
16756
16757
16760
16780
16781
16789
16790
16797
16801
16805
16820
16823
16827
16833
16835
16836
16840
16855
16864
16868
16872
16878
16881
16887
16888
16890
16892
16893
16894
16896
16901
16904
16934
16939
16940
16941
16946
16949
16953
16956
16960
16963
16969
16977
16982
16983
16985
16987
16992
16996
17003
17005
17006
17032
17060
17068
17074
17075
17085
17086
17094
17108
17114
17122
17123
17124
17126
17132
17135
17138
17157
17168
17169
17178
17184
17195
17201
17202
17204
17205
17211
17214
17233
17234
17239
17244
17262
17265
17266
17267
17278
17336
17337
17348
17354
17356
17358
17362
17366
17369
17374
17377
17388
17392
17401
17402
17406
17408
17411
17414
17418
17425
17426
17430
17435
17438
17446
17459
17470
17479
17486
17493
17494
17499
17501
17508
17519
17525
17529
17542
17544
17545
17551
17553
17568
17589
17594
17596
17597
17599
176
17602
17603
17614
17620
17626
17627
17638
17650
17661
17662
17670
17674
17676
17695
17702
17706
17723
17759
17766
17771
17787
17792
17798
17823
17840
17846
17849
17857
17858
17859
17872
17876
17879
17880
17884
17887
17909
17910
17937
17938
17939
17944
17951
17962
17967
17972
17974
17976
17994
17997
17998
17999
18
18015
18018
18021
18041
18045
18056
18065
181
18101
18107
18108
18126
18129
18159
18164
18167
18169
18171
18209
18212
18215
18219
18220
18221
18224
18226
18229
18232
18234
18241
18245
18250
18254
18263
18265
18271
18279
18286
18287
18291
18294
18296
18299
183
18306
18318
18319
18320
18350
18364
18365
18368
18371
18373
18382
18387
184
18403
18406
18409
18411
18413
18415
18421
18428
18429
18440
18441
18448
18455
18456
18458
18464
18469
18474
18477
18484
18485
18492
18494
18497
18505
18508
18513
18523
18534
18537
18542
18556
18575
18576
18584
18586
18590
18601
18616
18622
18633
18635
18638
18642
18657
18665
18671
18673
18676
18685
18690
187
18701
18707
18720
18740
18743
18762
18772
18774
18778
18780
18788
18790
18794
18798
18799
188
18801
18803
18804
18830
18836
18843
18846
18849
18867
18875
18876
18879
18893
18897
18898
189
18900
18912
18934
18935
18950
18954
18958
18966
18971
18974
18976
18978
18984
18988
18992
18996
18997
18998
190
19000
19009
19014
19039
19057
19060
19064
19070
19075
19084
19085
19088
19089
19099
19103
19105
19110
19118
19124
19136
19137
19138
19140
19141
19145
19156
19163
19167
19171
19188
19199
192
19202
19204
19207
19208
19218
19232
19234
19263
19271
19283
19291
19295
19297
19300
19304
19309
19314
19315
19316
19317
19319
19324
19337
19344
19346
19347
19349
19351
19358
19360
19396
19402
19403
19416
19443
19446
19449
19452
19458
19460
19463
19467
19470
19484
19492
19496
19498
19507
19529
19530
19535
19541
19545
19552
19574
19576
19585
19589
19590
19599
196
19601
19602
19619
19630
19633
19641
19647
19656
19671
19682
19693
197
19702
19705
19711
19718
19722
19723
19735
19738
19739
19742
19757
19766
19771
19782
19784
19790
198
19818
19825
19827
19835
19850
19864
19873
19887
19888
19913
19916
19921
19925
19929
19931
19932
19935
19949
19953
19954
19960
19982
19990
19993
19999
2
200
20006
20008
20015
20017
20027
20068
20071
20085
20094
20096
20101
20108
20109
20110
20111
20124
20140
20144
20148
20154
20155
20164
20166
20180
20184
20187
20199
20202
20203
20207
20223
20228
20243
20245
20251
20253
20254
20258
20260
20273
20286
20287
20292
20294
20295
20302
20305
20310
20311
20317
20331
20333
20356
20358
20368
20376
20384
20392
20395
204
20406
20422
20429
20432
20437
20444
20445
20446
20452
20467
20468
205
20515
20521
20524
20534
20536
20537
20542
20548
20553
20559
20566
20571
20572
20578
20580
20581
20584
20588
20589
206
20602
20612
20614
20617
20618
20622
20628
20640
20646
20648
20654
20655
20657
20662
20669
20672
20681
20683
20688
20691
20693
20694
20697
20702
20706
20708
20715
20718
20719
20722
20728
20733
20735
20737
20744
20768
20772
20773
20777
20781
20783
20784
20785
208
20816
20855
20860
20861
20864
20872
20879
20884
20895
20899
20905
20907
20914
20915
20918
20936
20946
20957
20978
20987
21001
21014
21019
21032
21039
21050
21055
21057
21060
21067
21070
21072
21078
21079
21099
211
21107
21137
21141
21151
21160
21166
21174
21180
21205
21209
21212
21218
21226
21236
21250
21251
21252
21260
21264
21270
21280
21287
21288
21289
21293
21294
21297
21300
21303
21305
21306
21312
21313
21314
21335
21338
21343
21350
21353
21358
21364
21369
21370
21380
21384
21390
21401
21403
21412
21414
21424
21430
21431
21432
21433
21462
21472
21478
21480
21483
21485
21488
21492
21496
21498
215
21500
21502
21503
21509
21514
21517
21524
21529
21534
21536
21542
21544
21549
21556
21592
21598
21601
21646
21654
21658
21659
21668
21670
21673
21676
21677
21683
21686
21688
21696
217
21703
21704
21708
21710
21717
21729
21735
21738
21741
21745
21747
21753
21757
21758
21773
21784
21788
21791
21799
21800
21801
21802
21806
21810
21811
21818
21820
21829
21830
21831
21832
21837
21838
21848
21849
21863
21882
21891
21894
21895
21899
219
21900
21904
21905
21909
21910
21914
21916
21921
21924
21933
21934
21935
21936
21940
21942
21946
21948
21955
21962
21965
21979
21980
21983
21989
22
22000
22001
22002
22005
22019
22031
22041
22047
22049
22050
22068
22073
22082
22087
22089
22100
22102
22123
22128
22137
22139
22147
22154
22156
22159
22161
22162
22163
22166
22168
22169
22170
22172
22173
22175
22176
22178
22179
22182
22189
22190
22193
22195
22196
22197
22200
22202
22220
22277
22316
22321
22347
22359
22365
22368
22371
22374
22390
22393
224
22401
22406
22408
22412
22414
22415
22416
22418
22420
22434
22438
22447
22450
22452
22454
22458
22460
22463
22479
22490
22491
22492
22511
22521
22529
22534
22535
22539
22544
22549
22560
22561
22566
22579
22589
22597
226
22601
22603
22610
22612
22640
22642
22645
22646
22649
22657
22672
22674
22675
22676
22677
22679
22681
22682
22683
22692
22695
22696
22697
22698
227
22702
22705
22709
22720
22727
22732
22740
22771
22789
22793
22798
228
22801
22804
22808
22811
22813
22814
22819
22822
22823
22833
22835
22839
22840
22841
22844
22851
22868
22885
22900
22901
22908
22915
22919
22925
22926
22931
22936
22953
22957
22963
22974
22977
22980
22986
22999
230
23004
23012
23013
23017
23019
23022
23023
23028
23029
23030
23031
23033
23034
23036
23051
23083
23086
231
23106
23108
23118
23119
23133
23152
23167
23174
23184
23189
23190
23192
23193
23196
23200
23202
23209
23211
23212
23216
23219
23220
23225
23228
23235
23238
23239
23249
23251
23256
23257
23264
23275
23278
23279
23297
233
23300
23305
23314
23323
23327
23358
23395
23397
23399
23406
23408
23423
23427
23431
23432
23436
23447
23448
23455
23470
23472
23476
23480
23482
23489
23491
23499
235
23503
23507
23529
23530
23549
23551
23552
23555
23556
23558
23559
23565
23575
23576
23593
23599
23604
23609
23616
23627
23646
23647
23649
23650
23653
23655
23659
23661
23668
23673
23676
23689
237
23721
23725
23726
23728
23729
23764
23773
23780
23782
23786
23787
23794
23796
23797
23798
238
23802
23805
23809
23814
23820
23826
23831
23837
23842
23845
23848
23853
23862
23871
23873
23894
23899
239
23907
23910
23915
23924
23945
23966
23969
23970
23974
23976
23991
23993
23996
240
24006
24012
24015
24027
24035
24038
24040
24042
24047
24048
24051
24066
24075
24103
24122
24124
24125
24142
24144
24148
24150
24160
24164
24172
24173
24185
24186
24196
24198
242
24200
24202
24214
24216
24219
24221
24222
24225
24228
24234
24236
24237
24238
24243
24244
24251
24253
24256
24266
24269
24287
24289
24292
24327
24328
24339
24348
24352
24355
24368
24371
24372
24379
24390
24395
24396
244
24406
24412
24415
24420
24422
24424
24426
24430
24446
24491
24494
24495
245
24506
24513
24514
24517
24534
24539
24563
24565
24574
24576
24581
24591
24596
24602
24611
24621
24639
24643
24647
24649
24671
24683
24684
24691
24694
24699
24703
24721
24722
24726
24731
24733
24734
24739
24740
24752
24756
24797
248
24844
24855
24892
24904
24925
24936
24937
24946
24947
24953
24966
24991
24993
25
25001
25006
25011
25029
25030
25044
25047
25063
25066
25089
251
25108
25111
25117
25122
25139
25144
25153
25160
25174
25175
25200
25227
25238
25240
25246
25250
25268
25275
25284
25285
25290
25297
25305
25328
25333
25335
25345
25355
25361
25369
25371
25373
25392
25397
25402
25418
25432
25450
25463
25471
25489
255
25500
25525
25530
25538
25540
25542
25544
25545
25554
256
25606
25608
25611
25616
25619
25641
25644
25657
25658
25676
25678
25691
257
25703
25707
25708
25711
25722
25723
25725
25727
25729
25737
25738
25740
25748
25757
25778
25799
258
25803
25810
25832
25853
25856
25860
25862
25868
25870
25874
25889
25899
259
25902
25907
25921
25925
25931
25934
25936
25952
25963
25964
25965
25975
25985
25986
25987
26
260
26003
26006
26011
26013
26021
26035
26036
26037
26038
26040
26064
26067
26069
261
26119
26121
26125
26126
26128
26131
26146
26152
26165
26172
26185
26186
26188
26189
26196
262
26203
26205
26211
26215
26219
26225
26228
26233
26242
26243
26244
26249
26252
26267
26275
26280
26286
26287
26298
26322
26323
26325
26331
26332
26341
26342
26348
26355
26356
26362
26370
26372
26381
26384
26385
26405
26415
26416
26419
26420
26445
26447
26448
26449
26450
26455
26462
26481
26484
26489
26493
26498
26520
26548
26563
26569
26588
26594
266
26610
26614
26626
26634
26641
26642
26647
26657
26667
26669
26685
26686
26687
26688
26701
26704
26712
26716
26717
26727
26729
26740
26774
26782
26784
26805
26815
26817
26827
26835
26842
26843
26853
26854
26857
26875
26877
26884
26897
269
26911
26915
26916
26918
26922
26928
26930
26940
26951
26966
26968
26970
26983
26986
26990
26992
26994
26995
26996
270
27020
27026
27027
27031
27032
27050
27055
27071
27076
27090
27099
271
27100
27108
27127
27134
27135
27136
27141
27146
27160
27161
27166
27167
27170
27171
27174
27175
27177
27180
27189
27193
27201
27211
27216
27231
27232
27233
27235
27237
27239
27241
27242
27243
27245
27250
27252
27253
27255
27259
27263
27264
27274
27279
27285
27288
27289
27297
27298
27299
273
27308
27310
27321
27322
27328
27334
27349
27355
27359
27362
27374
27377
27378
27379
27381
27382
27386
27396
27398
274
27404
27407
27413
27414
27416
27420
27421
27424
27434
27435
27437
27440
27446
27450
27451
27458
27459
27460
27461
27462
27463
27467
27476
27477
27478
27483
27491
27498
275
27510
27511
27512
27513
27521
27522
27526
27531
27535
27552
27569
27575
27591
27594
27596
276
27600
27603
27630
27642
27651
27653
27654
27657
27660
27668
27684
27696
277
27705
27740
27742
27744
27745
27749
27751
27755
27761
27766
27775
27780
27786
27795
27799
278
27806
27807
27808
27810
27814
27815
27818
27842
27855
27873
27874
27899
27905
27907
27910
27911
27931
27937
27938
27940
27943
27945
27949
27950
27951
27952
27953
27954
27955
27956
27958
27962
27966
27969
27972
27981
27985
27995
27998
280
28013
28017
28018
28037
28041
28048
28057
28062
28065
28071
28081
28093
28095
281
28102
28116
28117
28129
28133
28134
28135
28139
28140
28148
28153
28155
28157
28160
28163
28164
28165
28168
28173
28183
28191
28199
282
28200
28203
28205
28206
28211
28215
28219
28222
28224
28228
28230
28254
28259
28263
28266
28267
28268
28270
28272
28279
28287
28288
28294
28300
28301
28303
28306
28331
28334
28335
28344
28346
28348
28357
28360
28361
28363
28364
28367
28370
28371
28380
28383
28388
28398
28402
28405
28412
28416
28418
28419
28420
28425
28445
28447
28455
28471
28475
28476
28477
28480
28496
28497
28498
28502
28503
28526
28529
28533
28537
28538
28540
28544
28558
28560
28563
28572
28579
28581
28594
28602
28604
28620
28622
28637
28639
28645
28647
28658
28661
28665
28666
28669
28672
28673
28674
28678
28679
28680
28681
28683
28687
28690
28692
28693
28699
28700
28701
28709
28715
28718
28720
28721
28723
28725
28726
28732
28751
28752
28756
28766
28768
28780
28793
288
28804
28817
28818
28820
28828
28829
28833
28836
28842
28847
28863
28869
28872
28876
28889
28890
28894
28901
28908
28909
28913
28914
28915
28919
28925
28926
28936
28939
28957
28966
28969
28970
28979
28984
290
29022
29034
29041
29067
29071
29076
29079
29090
29093
29096
29099
29100
29107
29108
29110
29115
29119
29122
29124
29133
29138
29140
29154
29158
29163
29167
29172
29176
29177
29188
29189
29190
292
29200
29213
29222
29226
29233
29246
29247
29270
29281
29285
29287
293
29312
29314
29315
29323
29325
29327
29329
29334
29337
29339
29346
29355
29359
29360
29367
29378
29407
29411
29413
29425
29426
29434
29438
29446
29455
29457
29458
29466
29467
29477
29485
29488
295
29554
29562
29571
29579
29592
29599
29602
29624
29625
29626
29627
29644
29658
29672
29691
29699
297
29703
29720
29745
29750
29762
29774
29778
29781
29782
29784
29786
29811
29815
29830
29832
29839
29840
29851
29862
29883
29886
29889
29896
29899
299
29900
29902
29903
29904
29906
29909
29910
29919
29920
29921
29922
29925
29929
29931
29937
29941
29947
29969
29977
29994
29996
30000
30008
30012
30016
30018
30019
30021
30022
30023
30026
30027
30034
30037
30039
30040
30042
30044
30045
30046
30047
30048
30049
30050
30056
30059
30062
30063
30068
30070
30073
30080
30082
30095
30102
30111
30127
30135
30139
30141
30142
30143
30144
30146
30147
30149
30153
30154
30159
30160
30162
30176
30179
30181
30183
30184
30188
30191
30197
30205
30208
30212
30227
30238
30239
30240
30245
30247
30248
30254
30260
30262
30267
30270
30277
30278
30282
30288
30297
303
30300
30328
30329
30334
30340
30346
30347
30356
30368
30370
30371
30373
30376
30385
30403
30406
30413
30432
30436
30476
30488
30497
30503
30527
30534
30539
30548
30576
30579
30583
30594
30602
30605
30608
30610
30621
30632
30640
30643
30646
30648
30671
30673
30675
30678
30691
30695
30701
30715
30721
30725
30730
30731
30732
30745
30764
30781
30788
30789
30790
30796
30801
30804
30816
30824
30828
30829
30831
30837
30843
30846
30847
30848
30849
30851
30852
30853
30858
30869
30871
30873
30880
30881
30885
30890
30891
30894
309
30901
30904
30914
30918
30919
30924
30953
30957
30959
30960
30970
30973
30977
30978
30980
30981
30989
30990
31
310
31002
31009
31013
31014
31015
31020
31031
31035
31036
31038
31047
31048
31049
31057
31058
31061
31072
311
31106
31116
31127
31128
31132
31133
31140
31142
31143
31148
31153
31166
31173
31179
31182
31185
31189
31196
31198
31204
31206
31207
31208
31225
31230
31240
31243
31245
31249
31252
31254
31261
31264
31271
31276
31280
31283
31293
31296
31300
31304
31315
31332
31381
31383
31390
31397
31407
31409
31418
31424
31429
31432
31433
31438
31439
31456
31468
31492
31495
31499
315
31501
31510
31513
31514
31525
31529
31532
31539
31541
31581
31590
31598
316
31605
31610
31619
31620
31621
31628
31633
31641
31666
31667
31671
31683
31684
31689
31696
31699
31739
31742
31747
31753
31754
31760
31771
31773
31775
31779
31781
31784
31786
31794
31796
31797
31813
31815
31827
31828
31830
31836
31839
31840
31844
31847
31850
31852
31857
31858
31862
31865
31867
31868
31892
31893
31895
31897
31899
31900
31912
31923
31925
31932
31938
31945
31948
31952
31954
31967
31970
31971
31974
31983
31988
31990
31993
31999
32003
32005
32006
32007
32008
32011
32012
32015
32018
32022
32025
32026
32027
32030
32032
32034
32037
32038
32040
32041
32046
32053
32057
32058
32059
32070
32071
32080
32083
32085
32086
32092
32093
32099
32103
32105
32107
32120
32123
32130
32135
32147
32166
32168
32172
32177
32185
32190
32201
32203
32213
32221
32228
32258
32263
32266
32285
32287
32301
32308
32311
32315
32318
32319
32321
32322
32324
32326
32337
32338
32339
32359
32363
32368
32372
32384
32396
32398
324
32401
32417
32418
32425
32451
32456
32462
32464
32471
32482
32483
32505
32506
32529
32531
32594
32619
32622
32625
32628
32637
32638
32640
32662
32666
32677
32686
32693
32695
32698
327
32702
32707
32708
32712
32715
32736
32748
32749
32751
32756
32758
32759
32760
32761
32779
32783
32785
32787
32788
32790
32791
328
32822
32825
32826
32833
32836
32849
32861
32874
32899
329
32921
32937
32939
32962
32969
32973
32975
32984
32991
32992
32995
32997
32999
33004
33010
33019
33020
33021
33025
33028
33031
33032
33035
33040
33046
33048
33056
33068
33071
33074
33077
33086
33098
33104
33106
33108
33126
33131
33133
33139
33145
33146
33154
33162
33192
33198
33217
33218
33220
33225
33226
33232
33239
33243
33250
33252
33255
33259
33262
33271
33276
33279
33299
33303
33308
33312
33320
33337
33338
33341
33347
33351
33352
33359
33364
33366
33372
33379
33380
33382
33383
33388
33392
33393
33413
33421
33422
33431
33435
33439
33442
33447
33458
33463
33466
33473
33474
33487
33497
33499
33504
33516
33523
33527
33539
33543
33567
33581
33597
33603
33605
33606
33611
33613
33625
33628
33630
33649
33698
33742
33743
33745
33748
33765
33780
343
345
346
348
350
357
363
367
369
37
370
371
372
373
374
376
379
380
381
382
384
385
386
387
389
39
392
394
395
397
398
40
400
4035
4047
4048
405
4054
4055
4059
4068
4069
407
4075
4079
408
4091
410
4101
4108
411
4137
414
415
4156
416
4166
418
4189
419
4190
4191
4195
4197
4198
420
424
4244
4249
425
4254
4255
426
427
4270
428
4285
4286
429
4298
431
432
4332
4339
4340
4350
4351
4357
436
437
4370
4371
4372
4375
4377
4379
4380
4382
4384
4385
4394
4398
440
4404
443
4440
4447
4449
445
4450
4451
4452
4455
4458
446
447
4487
4497
4499
4500
4501
451
452
4528
4529
4547
4548
4549
4553
4554
4555
456
4560
4561
4562
4564
4565
4566
4567
4569
4571
4572
4574
4575
458
4580
4583
4586
4587
4588
4591
4592
4593
4597
4599
460
4601
4602
4603
4604
4608
4609
461
4610
4613
4614
4617
4618
462
4620
4621
4624
4625
4626
4627
4629
463
464
4644
4645
4648
465
4656
4659
4665
4667
4668
4669
467
4671
4672
4678
4679
4680
469
4703
471
4710
4712
4721
4722
4723
4729
473
4730
474
475
4764
4765
4766
477
4775
4779
478
4789
479
4790
4798
4800
481
4814
4819
482
4822
4824
4825
4827
4828
484
4848
4852
4858
4860
4861
4865
4866
4867
487
4873
4876
4878
488
4880
49
491
493
495
4950
4951
4953
4954
4957
4960
497
4981
499
4990
4991
4996
4997
4998
4999
50
500
5001
5002
5003
5005
5006
5007
5008
501
5017
5019
502
503
504
505
5053
5054
5055
507
5072
5073
508
509
5091
511
512
5122
5124
5125
5130
5132
5134
514
5145
515
5162
5163
517
5173
5177
518
5181
5184
5185
519
52
520
5213
5218
523
525
526
527
529
5295
5296
5299
53
530
5303
531
532
5337
5343
5348
535
5350
5372
538
5381
539
54
541
5415
5416
5426
545
5456
5464
5467
5472
5475
5478
5479
548
5483
5487
5488
549
5490
5491
5492
5498
550
5500
5506
5509
5512
5518
552
5524
5526
553
5551
556
557
5577
5579
558
5583
5589
560
5604
5607
561
562
5624
5628
5636
5639
5641
5642
5647
565
5650
5652
566
5671
5674
5685
5690
5693
570
5724
5726
5728
573
5732
5737
574
5742
5750
5754
5759
576
5766
5770
578
5787
5789
579
5790
5794
5795
5799
5809
581
5822
5828
5829
583
5836
5837
5844
5845
5850
5852
5857
586
5867
588
5880
5883
5894
5896
59
5900
5907
5908
591
592
593
5930
5931
5940
5942
5947
5967
5968
5974
5987
5995
6
60
6006
6020
6036
604
6045
6048
6049
6059
6080
6081
6089
61
6100
6107
6114
6116
6121
6123
6131
6134
6136
6150
6156
6160
6163
6177
6179
6187
619
6193
620
6202
6209
6213
6222
6223
6238
6239
624
6240
6247
6251
6254
6258
6261
6269
627
6277
628
6280
6289
629
6291
6296
63
630
6305
631
6318
6328
634
6351
6357
6371
6376
6378
6381
6392
64
6401
6404
6413
6431
6432
6437
6438
6441
6442
6449
6451
6459
6467
6471
6472
6475
6476
6484
6498
6501
6502
6508
6510
6511
6514
6517
6521
6524
6531
6552
6556
6567
6569
6571
6573
6578
6583
6584
6594
66
6600
6608
6612
6616
6621
663
6632
6638
6639
6648
6654
6656
666
6667
6669
6670
6685
6686
6689
669
6691
6697
670
6709
6711
6716
672
673
6750
6773
678
6789
679
6797
6808
6812
682
684
686
6866
687
688
689
69
690
6900
691
6924
6925
6929
6930
6932
6933
694
6942
6944
6947
6958
6969
697
6971
6972
6978
698
6985
699
6990
6995
70
7003
7020
7024
7027
703
7031
7034
7037
7043
7044
7046
7050
7051
7054
7057
7059
706
7065
7066
7082
7083
7085
709
7093
7095
7096
7101
7102
7109
711
7121
7127
713
7132
7142
7145
715
7153
7162
7164
717
7176
718
7181
7187
7202
7214
7220
7221
7222
7224
723
7231
7237
725
7256
7272
7273
7279
7282
7285
729
7290
7295
7300
731
7314
7317
7329
733
7345
7346
7348
735
7352
7358
7393
740
741
7410
7413
7419
742
7420
743
7430
7437
7439
744
7442
7445
745
7458
746
747
7470
7476
748
7482
7487
749
7497
75
750
7504
751
752
7526
7527
753
7530
754
7544
7546
755
7555
7556
756
7560
7562
7563
7567
7569
757
7573
7578
7587
7590
7594
7595
7598
760
761
7614
7618
762
763
7631
7639
764
7645
766
7663
7665
767
7675
7677
768
769
7691
7695
770
7700
7701
771
7710
7714
7720
7722
7726
7729
773
7730
774
7747
775
7753
7762
7763
777
7771
7784
7786
779
7795
78
7800
7802
781
7812
7816
7821
7825
7835
784
7843
785
7851
7853
7859
786
7862
7863
787
7873
7874
7876
788
7889
789
7896
7897
7899
790
7902
7905
7917
7918
7919
7920
7923
7928
7930
7933
7942
7947
795
7950
796
7962
797
7974
7977
798
7984
7993
7996
7998
80
800
801
802
8020
8021
8026
8038
804
805
8050
8058
8059
806
8067
8069
807
8070
8078
8090
8099
81
810
8101
8103
8109
8137
814
8147
8149
8159
816
8170
8193
8194
8199
8219
8223
8228
8229
8230
8233
824
8250
8253
8263
8273
828
8280
8281
8284
8292
83
8304
8309
8324
8325
8327
8340
8341
836
8369
838
8381
8389
8394
8396
8397
84
840
8403
8404
8405
8408
841
8414
842
8421
8423
8434
844
8443
846
8463
8466
847
8470
8478
848
8486
8489
849
85
850
8518
852
8520
8528
8529
8544
8546
8559
857
8574
858
8580
859
8594
860
8601
8602
861
8616
8625
8632
8636
8647
8651
866
8667
8668
8675
8677
8678
8682
869
8691
8698
87
8708
871
8714
8718
872
873
8737
8739
874
8741
875
8754
8757
8759
876
8772
8776
8777
8779
8784
8786
879
8791
8795
88
880
8811
882
883
8839
884
8844
8846
8847
885
8851
8857
887
8872
8873
8878
888
8881
889
8890
8891
890
8907
8913
8918
892
8924
8926
893
8931
8935
8938
894
8940
8953
8955
8956
8958
8959
896
8961
8962
8965
8973
8987
8988
8993
8996
8999
90
9006
9010
9011
9021
9022
9026
903
9031
9043
9046
9052
9054
9056
906
9065
9066
907
9070
9071
9074
9076
9077
9079
9081
9082
9090
9093
9101
9102
9107
9110
9111
9112
9113
9114
9115
9119
9128
9130
9132
9139
9140
9142
9144
9146
915
9150
9152
9153
9158
9169
9175
9180
9182
9187
919
9195
9196
92
9200
9210
9213
9217
9219
9222
9232
9236
9237
9246
9252
9263
9267
9278
9279
9290
9298
93
9304
9305
9308
931
932
9322
9328
933
9331
9333
9334
9340
9341
9346
935
9350
9356
9359
936
937
9373
9381
9384
939
9393
9395
9396
9397
940
9408
941
9419
942
9425
943
9430
9432
9434
9437
9438
944
9442
9448
9449
9451
9457
9458
9472
9476
9483
95
9500
9501
9503
9507
9511
9512
9513
9517
9519
9524
9529
9534
9548
9555
9558
9562
9565
9567
957
9570
9571
9573
9579
9585
9588
9598
96
9611
9614
9623
9624
9630
9637
9638
9645
9648
9656
9668
9670
9674
9679
968
9684
9686
9691
9700
9704
9709
9719
9723
9736
9740
9741
9752
9755
9762
9763
9771
9775
9778
9786
979
980
9804
9806
9812
9815
982
9821
9832
984
9844
985
986
987
989
99
9903
991
9923
9928
9934
994
9943
9946
995
9953
9954
9955
9962
997
9972
9974
9981
9985
9988
9991
9997
